lab	prob	prog	inst	pos	neg	ww	ga	pr_df	ag_df	ag_cf	pr_cf	ag_ref	pr_ref	rep_ok	time	why
Lab-5	2867	277950	0	2	4			0						0	7
Lab-5	2867	277950	1	3	3	1	1	1	1	1	1			1	497
Lab-5	2867	277962	0	2	4			0						0	3
Lab-5	2867	277962	1	3	3	1	1	1	1	1	1			1	209
Lab-5	2867	277966	0	2	4			0			1			0	25
Lab-5	2867	277966	1	3	3			0		1	1	1	1	1	756
Lab-5	2868	278023	0	0	6									0	142
Lab-5	2868	278023	1	6	0									0	142
Lab-5	2868	278042	0	4	2									0	15
Lab-5	2868	278042	1	6	0									0	15
Lab-5	2868	278050	0	4	2									0	132
Lab-5	2868	278050	1	6	0									0	132
Lab-5	2868	278051	0	0	6	1	1	1	1	1	1			1	303
Lab-5	2868	278052	0	0	6			0		1	1			0	4
Lab-5	2868	278052	1	1	5	1	1	1	1	1	1			1	80
Lab-5	2868	278098	0	4	2			0				0		0	26
Lab-5	2868	278098	1	5	1	0					1	1	0	0	252
Lab-5	2868	278098	2	6	0	0					1	1	0	0	
Lab-5	2868	278102	0	4	2									0	114
Lab-5	2868	278102	1	6	0									0	114
Lab-5	2869	278146	0	1	5	1	1	1	1	1	1			1	651
Lab-5	2869	278197	0	0	6	1	1	1	1	1	1			1	80
Lab-5	2869	278216	0	0	6	1	1	1	1	0	1			0	245
Lab-5	2869	278216	1	1	5	1	1	1	1	1	1			1	669
Lab-5	2869	278223	0	0	6									0	73
Lab-5	2869	278223	1	6	0									0	73
Lab-5	2869	278232	0	1	5	1	1	1	1	1	1			1	576
Lab-5	2869	278243	0	1	5	1	1	1	1	1	1			1	213
Lab-5	2870	278270	0	6	1									0	6
Lab-5	2870	278270	1	7	0									0	6
Lab-5	2870	278271	0	6	1						0			0	14
Lab-5	2870	278271	1	7	0						0			0	
Lab-5	2870	278274	0	0	7									0	158
Lab-5	2870	278274	1	7	0									0	158
Lab-5	2870	278279	0	6	1									0	1
Lab-5	2870	278279	1	7	0									0	1
Lab-5	2870	278288	0	2	5	0								0	32
Lab-5	2870	278288	1	3	4	0				0		1	1	0	307
Lab-5	2870	278288	2	4	3	0					1	1	0	0	60
Lab-5	2870	278288	3	5	2			0		1	1	1	1	1	901
Lab-5	2870	278290	0	6	1									0	5
Lab-5	2870	278290	1	7	0									0	5
Lab-5	2870	278298	0	5	2									0	16
Lab-5	2870	278298	1	7	0									0	16
Lab-5	2870	278304	0	0	7				0	0	1	1	1	0	695
Lab-5	2870	278304	1	1	6	1	1	1	1	1	1			1	902
Lab-5	2870	278321	0	1	6									0	184
Lab-5	2870	278321	1	7	0									0	184
Lab-5	2870	278324	0	6	1	0					0	1	1	0	10
Lab-5	2870	278324	1	7	0	0					0	1	1	0	
Lab-5	2870	278331	0	6	1									0	5
Lab-5	2870	278331	1	7	0									0	5
Lab-5	2870	278343	0	1	6									0	194
Lab-5	2870	278343	1	7	0									0	194
Lab-5	2870	278351	0	3	4									0	171
Lab-5	2870	278351	1	7	0									0	171
Lab-5	2871	278396	0	2	5	1	1	1	1	1	1			1	901
Lab-5	2871	278398	0	3	4	1	1	1	1	1	1			1	827
Lab-5	2871	278415	0	0	7	1	1	1	1	1	1			1	60
Lab-5	2871	278417	0	0	7			0		1	1			0	34
Lab-5	2871	278417	1	1	6	1	1	1	1	1	1			1	301
Lab-5	2871	278419	0	6	1									0	22
Lab-5	2871	278419	1	7	0									0	22
Lab-5	2871	278446	0	2	5	1	1	1	1	1	1			1	902
Lab-5	2871	278448	0	7	0									0	900
Lab-5	2871	278448	1	7	0									0	900
Lab-5	2871	278451	0	0	7	0					1			0	129
Lab-5	2871	278451	1	1	6	1	1	1	1	1	1			1	143
Lab-5	2871	278454	0	0	7	1	1	1	1	1	1			1	89
Lab-5	2871	278457	0	1	6	1	1	1	1	1	1			1	901
Lab-5	2871	278458	0	3	4	0				1	1	1	1	1	561
Lab-5	2871	278461	0	6	1									0	3
Lab-5	2871	278461	1	7	0									0	3
Lab-5	2871	278486	0	1	6	1	1	1	1	1	1			1	304
Lab-5	2871	278494	0	6	1									0	9
Lab-5	2871	278494	1	7	0									0	9
Lab-5	2871	278496	0	1	6		0				1	0		0	42
Lab-5	2871	278496	1	2	5	1	1	1	1	1	1			1	911
Lab-5	2866	277796	0	0	9	0					1			0	39
Lab-5	2866	277796	1	7	2	0					0			0	42
Lab-5	2866	277796	2	9	0	0					0			0	

Lab-5	2864	277497	0	0	5	1	1	1	1	1	1			1	619
Lab-5	2864	277519	0	4	1	0					1	0		0	57
Lab-5	2864	277519	1	5	0	0					1	0		0	
Lab-5	2864	277524	0	0	5	1	1	1	1	1	1			1	590
Lab-5	2864	277526	0	4	1	1	1	1	1	1	1			1	506
Lab-5	2864	277528	0	4	1	0						0		0	77
Lab-5	2864	277528	1	5	0	0						0		0	
Lab-5	2864	277541	0	4	1	0					1	0		0	38
Lab-5	2864	277541	1	5	0	0					1	0		0	
Lab-5	2864	277543	0	0	5	1	1	1	1	1	1			1	477
Lab-5	2864	277546	0	5	0									0	440
Lab-5	2864	277546	1	5	0									0	440
Lab-5	2864	277571	0	0	5	1	1	1	1	1	1			1	73
Lab-5	2864	277575	0	4	1	1	1	1	1	1	1			1	778
Lab-5	2864	277578	0	4	1									0	19
Lab-5	2864	277578	1	5	0									0	19
Lab-5	2864	277580	0	4	1									0	23
Lab-5	2864	277580	1	5	0									0	23
Lab-5	2864	277584	0	4	1	1	1	1	1	1	1			1	42
Lab-5	2864	277585	0	4	1	0					1	0		0	44
Lab-5	2864	277585	1	5	0	0					1	0		0	
Lab-5	2864	277591	0	4	1	1	1	1	1	1	1			1	902
Lab-5	2864	277594	0	4	1	0					1	0		0	38
Lab-5	2864	277594	1	5	0	0					1	0		0	
Lab-5	2864	277609	0	4	1									0	29
Lab-5	2864	277609	1	5	0									0	29
Lab-5	2865	277637	0	0	5	1	1	1	1	1	1			1	363
Lab-5	2865	277671	0	4	1	1	1	1	1	1	1			1	121
Lab-5	2865	277680	0	1	4	1	1	1	1	1	1			1	596
Lab-5	2865	277685	0	1	4	1	1	1	1	1	1			1	215
Lab-5	2865	277692	0	1	4									0	33
Lab-5	2865	277692	1	5	0									0	33
Lab-5	2865	277699	0	1	4	1	1	1	1	1	1			1	537
Lab-5	2865	277711	0	0	5	0								0	16
Lab-5	2865	277711	1	1	4	1	1	1	1	1	1			1	905
Lab-5	2865	277714	0	0	5	0				1				0	5
Lab-5	2865	277714	1	1	4	1	1	1	1	1	1			1	902
Lab-5	2866	277755	0	7	2									0	22
Lab-5	2866	277755	1	9	0									0	22
Lab-5	2866	277780	0	0	9	1	1	1	1	1	1			1	564
Lab-5	2866	277798	0	0	9	1	1	1	1	1	1			1	920
Lab-5	2866	277802	0	5	4									0	146
Lab-5	2866	277802	1	9	0									0	146
Lab-5	2866	277808	0	7	2									0	35
Lab-5	2866	277808	1	0	9									0	13
Lab-5	2866	277819	0	6	3	0					1	1	0	0	325
Lab-5	2866	277819	1	7	2	0				1	1	1	1	1	902
Lab-5	2866	277827	0	7	2									0	4
Lab-5	2866	277827	1	9	0									0	4
Lab-5	2866	277834	0	9	0									0	4
Lab-5	2866	277834	1	9	0									0	4
Lab-5	2866	277849	0	5	4	1	1	1	1	1	1			1	913
Lab-5	2866	277860	0	5	4									0	61
Lab-5	2866	277860	1	9	0									0	61
Lab-5	2866	277861	0	5	4	0				1	1	1	1	1	902
Lab-5	2867	277903	0	6	0									0	858
Lab-5	2867	277903	1	6	0									0	858
Lab-5	2867	277924	0	2	4			0						0	5
Lab-5	2867	277924	1	3	3			0		1	1	1	1	1	842
Lab-5	2867	277943	0	2	4									0	3
Lab-5	2867	277943	1	6	0									0	3
Lab-5	2867	277945	0	2	4									0	818
Lab-5	2867	277945	1	6	0									0	818
Lab-5	2867	277949	0	6	0									0	818
Lab-5	2867	277949	1	6	0									0	818
Lab-5	2867	277912	0	3	3			0			1	1	0	0	75
Lab-5	2867	277912	1	4	2	1	1	1	1	1	1			1	567

Lab-3	2811	270194	0	4	2									0	5
Lab-3	2811	270194	1	6	0									0	5
Lab-3	2810	270068	0	3	1	1	1	1	1	1	1			1	7
Lab-3	2810	270053	0	3	1	1	1	1	1	1	1			1	5

Lab-4	2827	271299	0	6	3	1	1	1	1	1	1			1	33

Lab-10	3237	303388	0	1	2									0	2
Lab-10	3237	303388	1	3	0									0	2
Lab-10	3237	303406	0	2	1									0	2
Lab-10	3237	303406	1	3	0									0	2
Lab-10	3237	303425	0	0	3	1	1	1	1	1	1			1	908
Lab-10	3238	303622	0	1	4	0								0	23
Lab-10	3238	303622	1	3	2	0					1			0	42
Lab-10	3238	303622	2	4	1	0								0	96
Lab-10	3238	303622	3	5	0	0								0	
Lab-10	3238	303624	0	0	5	1	1	1	1	1	1			1	106
Lab-10	3238	303642	0	0	5	0					1			0	18
Lab-10	3238	303642	1	1	4	1	1	1	1	1	1			1	838
Lab-10	3238	303711	0	3	2									0	97
Lab-10	3238	303711	1	5	0									0	97
Lab-10	3238	303722	0	1	4									0	35
Lab-10	3238	303722	1	5	0									0	35
Lab-10	3239	303873	0	3	6	0				1	1	1	1	1	668
Lab-10	3239	303877	0	2	7	0								0	2
Lab-10	3239	303877	1	3	6					0				0	17
Lab-10	3239	303877	2	6	3	0				1	1	1	1	1	316
Lab-10	3239	303888	0	2	7	0								0	2
Lab-10	3239	303888	1	3	6					0				0	19
Lab-10	3239	303888	2	6	3	0					0	1	1	0	61
Lab-10	3239	303888	3	9	0	0					0	1	1	0	
Lab-10	3239	303914	0	8	1			0		1	1	1	1	1	70
Lab-10	3239	303918	0	4	5									0	27
Lab-10	3239	303918	1	9	0									0	27
Lab-10	3239	303919	0	7	2									0	2
Lab-10	3239	303919	1	9	0									0	2
Lab-10	3239	303923	0	8	1	0				1	1	1	1	1	595
Lab-10	3239	303934	0	7	2									0	36
Lab-10	3239	303934	1	9	0									0	36
Lab-10	3239	303947	0	4	5	0								0	2
Lab-10	3239	303947	1	6	3						0			0	115
Lab-10	3239	303947	2	9	0						0			0	
Lab-10	3239	303949	0	7	2									0	2
Lab-10	3239	303949	1	9	0									0	2
Lab-10	3239	303968	0	8	1			0						0	10
Lab-10	3239	303968	1	8	1	1	1	1	1	1	1			1	12
Lab-10	3240	304142	0	8	0									0	2
Lab-10	3240	304142	1	8	0									0	2
Lab-10	3240	304143	0	7	1									0	28
Lab-10	3240	304143	1	8	0									0	28
Lab-10	3240	304151	0	5	3									0	12
Lab-10	3240	304151	1	8	0									0	12
Lab-10	3240	304160	0	5	3									0	27
Lab-10	3240	304160	1	8	0									0	27
Lab-10	3240	304162	0	8	0									0	27
Lab-10	3240	304162	1	8	0									0	27
Lab-10	3240	304163	0	0	8	0								0	5
Lab-10	3240	304163	1	7	1	1	1	1	1	1	1			1	901
Lab-10	3240	304171	0	7	1									0	1
Lab-10	3240	304171	1	8	0									0	1
Lab-10	3240	304193	0	8	0									0	1
Lab-10	3240	304193	1	8	0									0	1
Lab-10	3240	304200	0	1	7									0	1
Lab-10	3240	304200	1	8	0									0	1
Lab-10	3240	304203	0	7	1	1	1	1	1	1	1			1	106
Lab-10	3240	304221	0	7	1	1	1	1	1	1	1			1	131
Lab-10	3240	304223	0	0	8	0								0	4
Lab-10	3240	304223	1	7	1	1	1	1	1	1	1			1	902
Lab-10	3241	303496	0	4	1									0	14
Lab-10	3241	303496	1	5	0									0	14
Lab-10	3241	303500	0	3	2	1	1	1	1	1	1			1	62
Lab-10	3241	303507	0	4	1									0	60
Lab-10	3241	303507	1	5	0									0	60
Lab-10	3241	303532	0	4	1	1	1	1	1	1	1			1	189
Lab-10	3241	303535	0	4	1									0	79
Lab-10	3241	303535	1	5	0									0	79
Lab-10	3241	303536	0	-1	-1	1	1	1	1	1	1			1	
Lab-10	3241	303550	0	4	1	1	1	1	1	1	1			1	102
Lab-10	3241	303555	0	3	2									0	20
Lab-10	3241	303555	1	5	0									0	20
Lab-10	3241	303561	0	3	2	1	1	1	1	1	1			1	900
Lab-10	3242	303760	0	3	1									0	6
Lab-10	3242	303760	1	4	0									0	6
Lab-10	3242	303769	0	3	1									0	2
Lab-10	3242	303769	1	4	0									0	2
Lab-10	3243	304028	0	2	7	1	1	1	1	1	1			1	556
Lab-10	3243	304030	0	2	7	1	1	1	1	1	1			1	904
Lab-10	3243	304032	0	0	9	1	1	1	1	1	1			1	351
Lab-10	3243	304034	0	3	6		0							0	6
Lab-10	3243	304034	1	4	5	1	1	1	1	1	1			1	904
Lab-10	3243	304077	0	3	6									0	53
Lab-10	3243	304077	1	9	0									0	53
Lab-10	3243	304093	0	9	0									0	53
Lab-10	3243	304093	1	9	0									0	53
Lab-10	3244	304261	0	8	1									0	17
Lab-10	3244	304261	1	9	0									0	17
Lab-10	3244	304267	0	8	1			0		1	1	1	1	1	169
Lab-10	3244	304272	0	8	1									0	24
Lab-10	3244	304272	1	9	0									0	24
Lab-10	3244	304289	0	8	1									0	27
Lab-10	3244	304289	1	9	0									0	27
Lab-10	3244	304310	0	9	0									0	27
Lab-10	3244	304310	1	9	0									0	27
Lab-10	3244	304322	0	0	9	1	1	1	1	1	1			1	656
Lab-10	3244	304325	0	4	5		0				1	1	0	0	15
Lab-10	3244	304325	1	5	4					0				0	32
Lab-10	3244	304325	2	6	3	0				1	1	1	1	1	910
Lab-10	3244	304327	0	4	5	0				0	1	1	1	0	493
Lab-10	3244	304327	1	7	2	1	1	1	1	0	1			0	492
Lab-10	3244	304327	2	8	1	1	1	1	1	1	1			1	220
Lab-10	3244	304328	0	8	1									0	98
Lab-10	3244	304328	1	8	1									0	102
Lab-10	3244	304331	0	8	1									0	1
Lab-10	3244	304331	1	9	0									0	1
Lab-10	3244	304335	0	8	1			0		1	1	1	1	1	114
Lab-10	3244	304338	0	8	1			0			0	1	1	0	20
Lab-10	3244	304338	1	9	0			0			0	1	1	0	
Lab-11	3291	305219	0	1	5	1	1	1	1	1	1			1	235
Lab-11	3291	305271	0	1	5	1	1	1	1	1	1			1	202
Lab-11	3291	305277	0	1	5	1	1	1	1	1	1			1	158
Lab-11	3291	305278	0	0	6			0		1				0	16
Lab-11	3291	305278	1	1	5		0			1	1			0	57
Lab-11	3291	305278	2	2	4	1	1	1	1	1	1			1	901
Lab-11	3291	305284	0	1	5	1	1	1	1	1	1			1	313
Lab-11	3293	305706	0	0	6	1	1	1	1	1	1			1	398
Lab-11	3293	305710	0	0	6	1	1	1	1	1	1			1	73
Lab-11	3293	305747	0	3	3	1	1	1	1	1	1			1	513
Lab-11	3293	305752	0	5	1									0	283
Lab-11	3293	305752	1	6	0									0	283
Lab-11	3293	305756	0	0	6	1	1	1	1	1	1			1	17
Lab-11	3293	305767	0	1	5	1	1	1	1	1	1			1	911
Lab-11	3293	305782	0	1	5									0	183
Lab-11	3293	305782	1	6	0									0	183
Lab-11	3293	305783	0	0	6	1	1	1	1	1	1			1	414
Lab-11	3293	305789	0	0	6	1	1	1	1	1	1			1	680
Lab-11	3293	305799	0	6	0									0	900
Lab-11	3293	305799	1	6	0									0	900
Lab-11	3294	305971	0	4	1									0	23
Lab-11	3294	305971	1	5	0									0	23
Lab-11	3294	305975	0	4	1									0	30
Lab-11	3294	305975	1	5	0									0	30
Lab-11	3294	305976	0	4	1									0	37
Lab-11	3294	305976	1	5	0									0	37
Lab-11	3294	305979	0	0	5	1	1	1	1	1	1			1	13
Lab-11	3294	305984	0	0	5									0	3
Lab-11	3294	305984	1	5	0									0	3
Lab-11	3294	305992	0	0	5					0	1			0	60
Lab-11	3294	305992	1	2	3	1	1	1	1	1	1			1	319
Lab-11	3294	305993	0	0	5	1	1	1	1	1	1			1	48
Lab-11	3294	305995	0	-1	-1	1	1	1	1	1	1			1	
Lab-11	3294	305996	0	2	3	1	1	1	1	1	1			1	127
Lab-11	3294	306003	0	0	5	0				1	1			0	51
Lab-11	3294	306003	1	1	4	1	1	1	1	1	1			1	604
Lab-11	3294	306016	0	0	5									0	20
Lab-11	3294	306016	1	5	0									0	20
Lab-11	3294	306026	0	5	0									0	20
Lab-11	3294	306026	1	5	0									0	20
Lab-11	3294	306033	0	0	5					0	1			0	208
Lab-11	3294	306033	1	3	2			0			1	0		0	39
Lab-11	3294	306033	2	4	1	1	1	1	1	1	1			1	604
Lab-11	3294	306036	0	0	5	1	1	1	1	1	1			1	129
Lab-11	3294	306054	0	0	5	1	1	1	1	1	1			1	185
Lab-11	3294	306056	0	0	5	1	1	1	1	1	1			1	402
Lab-11	3295	305333	0	5	2									0	8
Lab-11	3295	305333	1	7	0									0	8
Lab-11	3295	305346	0	2	5			0			1			0	96
Lab-11	3295	305346	1	3	4	1	1	1	1	1	1			1	600
Lab-11	3295	305367	0	-1	-1	1	1	1	1	1	1			1	
Lab-11	3295	305369	0	4	3									0	5
Lab-11	3295	305369	1	7	0									0	5
Lab-11	3295	305374	0	1	6									0	186
Lab-11	3295	305374	1	7	0									0	186
Lab-11	3295	305394	0	5	2									0	13
Lab-11	3295	305394	1	7	0									0	13
Lab-11	3295	305397	0	5	2									0	45
Lab-11	3295	305397	1	7	0									0	45
Lab-11	3295	305401	0	2	5									0	30
Lab-11	3295	305401	1	7	0									0	30
Lab-11	3295	305416	0	3	4			0		1	1			0	116
Lab-11	3295	305416	1	4	3						0			0	32
Lab-11	3295	305416	2	7	0						0			0	
Lab-11	3296	305526	0	0	5									0	35
Lab-11	3296	305526	1	5	0									0	35
Lab-11	3297	305833	0	3	5	1	1	1	1	1	1			1	384
Lab-11	3297	305837	0	1	7									0	6
Lab-11	3297	305837	1	8	0									0	6
Lab-11	3297	305841	0	1	7	1	1	1	1	1	1			1	782
Lab-11	3297	305850	0	1	7	1	1	1	1	1	1			1	20
Lab-11	3297	305861	0	2	6									0	72
Lab-11	3297	305861	1	8	0									0	72
Lab-11	3297	305863	0	3	5									0	32
Lab-11	3297	305863	1	8	0									0	32
Lab-11	3297	305865	0	3	5			0			1			0	17
Lab-11	3297	305865	1	4	4			0		1	1	1	1	1	687
Lab-11	3297	305867	0	3	5									0	197
Lab-11	3297	305867	1	8	0									0	197
Lab-11	3297	305893	0	2	6	1	1	1	1	1	1			1	557
Lab-11	3297	305932	0	6	2									0	42
Lab-11	3297	305932	1	8	0									0	42
Lab-11	3297	305935	0	3	5									0	180
Lab-11	3297	305935	1	8	0									0	180
Lab-11	3298	306126	0	3	4			0		1	1	1	1	1	902
Lab-11	3298	306143	0	3	4	0								0	3
Lab-11	3298	306143	1	4	3	1	1	1	1	1	1			1	911
Lab-11	3298	306161	0	3	4			0		1	1	1	1	1	901
Lab-11	3299	305587	0	3	4									0	100
Lab-11	3299	305587	1	7	0									0	100
Lab-11	3299	305607	0	3	4									0	190
Lab-11	3299	305607	1	7	0									0	190
Lab-11	3299	305620	0	2	5	1	1	1	1	1	1			1	900
Lab-11	3299	305628	0	4	3			0		1				0	33
Lab-11	3299	305628	1	5	2	1	1	1	1	1	1			1	901
Lab-11	3299	305632	0	3	4									0	123
Lab-11	3299	305632	1	7	0									0	123
Lab-11	3299	305640	0	3	4									0	104
Lab-11	3299	305640	1	7	0									0	104
Lab-11	3299	305660	0	3	4									0	105
Lab-11	3299	305660	1	7	0									0	105
Lab-11	3299	305667	0	2	5	1	1	1	1	1	1			1	595
Lab-11	3299	305679	0	7	0									0	235
Lab-11	3299	305679	1	7	0									0	235
Lab-11	3299	305681	0	3	4									0	97
Lab-11	3299	305681	1	7	0									0	97
Lab-12	3355	307008	0	5	4	0				1	1	1	1	1	259
Lab-12	3355	307020	0	8	1									0	31
Lab-12	3355	307020	1	9	0									0	31
Lab-12	3355	307027	0	8	1									0	6
Lab-12	3355	307027	1	9	0									0	6
Lab-12	3355	307040	0	9	0									0	6
Lab-12	3355	307040	1	9	0									0	6
Lab-12	3355	307059	0	6	3						0			0	11
Lab-12	3355	307059	1	9	0						0			0	
Lab-12	3355	307064	0	6	3									0	18
Lab-12	3355	307064	1	9	0									0	18
Lab-12	3355	307068	0	3	6									0	2
Lab-12	3355	307068	1	9	0									0	2
Lab-12	3355	307077	0	6	3			0						0	11
Lab-12	3355	307077	1	6	3			0						0	9
Lab-12	3355	307083	0	7	2					0				0	7
Lab-12	3355	307083	1	8	1						0			0	8
Lab-12	3355	307083	2	9	0						0			0	
Lab-12	3355	307084	0	8	1									0	0
Lab-12	3355	307084	1	9	0									0	0
Lab-12	3355	307090	0	6	3									0	23
Lab-12	3355	307090	1	9	0									0	23
Lab-12	3355	307102	0	8	1									0	19
Lab-12	3355	307102	1	9	0									0	19
Lab-12	3355	307108	0	7	2									0	5
Lab-12	3355	307108	1	9	0									0	5
Lab-12	3356	307263	0	4	3									0	24
Lab-12	3356	307263	1	7	0									0	24
Lab-12	3356	307281	0	0	7									0	2
Lab-12	3356	307281	1	7	0									0	2
Lab-12	3356	307309	0	5	2									0	1
Lab-12	3356	307309	1	5	2									0	32
Lab-12	3356	307311	0	0	7	0								0	12
Lab-12	3356	307311	1	4	3	0								0	5
Lab-12	3356	307311	2	6	1	0				1	1	1	1	1	314
Lab-12	3356	307320	0	0	7	1	1	1	1	1	1			1	86
Lab-12	3356	307322	0	0	7	1	1	1	1	1	1			1	73
Lab-12	3356	307332	0	4	3									0	53
Lab-12	3356	307332	1	7	0									0	53
Lab-12	3356	307361	0	5	2	0				1	1	1	1	1	241
Lab-12	3356	307362	0	0	7	1	1	1	1	1	1			1	76
Lab-12	3357	307512	0	0	7	0								0	1
Lab-12	3357	307512	1	5	2				0	1	1	1	1	1	14
Lab-12	3357	307516	0	0	7	1	1	1	1	1	1			1	87
Lab-12	3357	307557	0	0	7									0	9
Lab-12	3357	307557	1	7	0									0	9
Lab-12	3357	307558	0	6	1									0	37
Lab-12	3357	307558	1	7	0									0	37
Lab-12	3357	307562	0	0	7	1	1	1	1	1	1			1	82
Lab-12	3357	307589	0	5	2									0	35
Lab-12	3357	307589	1	4	3									0	17
Lab-12	3357	307607	0	4	3									0	31
Lab-12	3357	307607	1	2	5									1	11
Lab-12	3358	307777	0	4	3	1	1	1	1	1	1			1	501
Lab-12	3358	307782	0	4	3	1	1	1	1	1	1			1	736
Lab-12	3358	307785	0	1	6	0					1			0	161
Lab-12	3358	307785	1	4	3	0				1	1	1	1	1	794
Lab-12	3358	307790	0	1	6	1	1	1	1	1	1			1	182
Lab-12	3358	307799	0	4	3	1	1	1	1	1	1			1	695
Lab-12	3358	307802	0	5	2	1	1	1	1	1	1			1	189
Lab-12	3358	307809	0	1	6	1	1	1	1	1	1			1	396
Lab-12	3358	307815	0	4	3	1	1	1	1	1	1			1	739
Lab-12	3358	307822	0	0	7	0								0	2
Lab-12	3358	307822	1	1	6	1	1	1	1	1	1			1	554
Lab-12	3358	307839	0	1	6			0			1			0	5
Lab-12	3358	307839	1	2	5	1	1	1	1	1	1			1	906
Lab-12	3358	307842	0	4	3	1	1	1	1	1	1			1	637
Lab-12	3358	307854	0	1	6	1	1	1	1	1	1			1	481
Lab-12	3358	307862	0	1	6									0	6
Lab-12	3358	307862	1	7	0									0	6
Lab-12	3359	307139	0	2	5	1	1	1	1	1	1			1	683
Lab-12	3359	307152	0	2	5			0		1	1	1	1	1	904
Lab-12	3359	307164	0	0	7	1	1	1	1	1	1			1	307
Lab-12	3359	307174	0	4	3	0				1	1	1	0	0	94
Lab-12	3359	307174	1	5	2	1	1	1	1	1	1			1	914
Lab-12	3359	307175	0	3	4									0	8
Lab-12	3359	307175	1	7	0									0	8
Lab-12	3359	307186	0	3	4			0		1	1	1	1	1	903
Lab-12	3359	307207	0	1	6									0	137
Lab-12	3359	307207	1	7	0									0	137
Lab-12	3359	307211	0	5	2			0			1	0		0	69
Lab-12	3359	307211	1	6	1	1	1	1	1	1	1			1	901
Lab-12	3359	307214	0	2	5	1	1	1	1	1	1			1	918
Lab-12	3359	307222	0	3	4			0			1	1	0	0	178
Lab-12	3359	307222	1	4	3	1	1	1	1	1	1			1	901
Lab-12	3360	307393	0	3	3	0								0	40
Lab-12	3360	307393	1	5	1	0					1			0	24
Lab-12	3360	307393	2	6	0	0					1			0	
Lab-12	3360	307408	0	1	5			0		1	1	1	1	1	903
Lab-12	3360	307438	0	3	3									0	287
Lab-12	3360	307438	1	6	0									0	287
Lab-12	3360	307439	0	2	4			0		0	1	1	1	0	332
Lab-12	3360	307439	1	3	3	1	1	1	1	1	1			1	900
Lab-12	3360	307446	0	0	6	1	1	1	1	1	1			1	332
Lab-12	3360	307449	0	0	6	1	1	1	1	1	1			1	146
Lab-12	3360	307473	0	2	4	0				0	1	1	1	0	167
Lab-12	3360	307473	1	3	3			0			1			0	18
Lab-12	3360	307473	2	4	2	1	1	1	1	1	1			1	264
Lab-12	3361	307639	0	0	9	1	1	1	1	1	1			1	901
Lab-12	3361	307654	0	0	9	1	1	1	1	1	1			1	901
Lab-12	3361	307667	0	5	4									0	8
Lab-12	3361	307667	1	9	0									0	8
Lab-12	3361	307669	0	9	0	1	1	1	1	1	1			0	
Lab-12	3361	307699	0	9	0	1	1	1	1	1	1			0	
Lab-12	3361	307732	0	0	9	1	1	1	1	1	1			1	683
Lab-12	3362	307932	0	4	2						0			0	34
Lab-12	3362	307932	1	6	0						0			0	
Lab-12	3362	307961	0	1	5	1	1	1	1	1	1			1	170
Lab-12	3362	307966	0	1	5	1	1	1	1	1	1			1	409
Lab-3	2810	270010	0	0	4	1	1	1	1	1	1			1	92
Lab-3	2810	270011	0	0	4	1	1	1	1	1	1			1	66
Lab-3	2810	270022	0	0	4	1	1	1	1	1	1			1	68
Lab-3	2810	270025	0	2	2			0		1	1	1	1	1	18
Lab-3	2810	270048	0	2	2	1	1	1	1	1	1			1	60
Lab-3	2810	270052	0	2	2	1	1	1	1	1	1			1	63
Lab-3	2810	270054	0	0	4	1	1	1	1	1	1			1	48
Lab-3	2810	270057	0	2	2			0		1	1	1	1	1	16
Lab-3	2810	270081	0	0	4	1	1	1	1	1	1			1	49
Lab-3	2810	270083	0	0	4	1	1	1	1	1	1			1	43
Lab-3	2810	270084	0	0	4	1	1	1	1	1	1			1	48
Lab-3	2810	270090	0	0	4	1	1	1	1	1	1			1	50
Lab-3	2810	270100	0	0	4	1	1	1	1	1	1			1	45
Lab-3	2810	270102	0	0	4	1	1	1	1	1	1			1	17
Lab-3	2810	270104	0	0	4	0				1	1			0	2
Lab-3	2810	270104	1	2	2	1	1	1	1	1	1			1	53
Lab-3	2811	270138	0	5	1	0				1	1	1	1	1	14
Lab-3	2811	270142	0	0	6	0				1	1			0	1
Lab-3	2811	270142	1	2	4	1	1	1	1	1	1			1	72
Lab-3	2811	270150	0	5	1			0		1	1	1	1	1	10
Lab-3	2811	270151	0	2	4			0						0	2
Lab-3	2811	270151	1	3	3	1	1	1	1	1	1			1	99
Lab-3	2811	270162	0	5	1			0		1	1	1	1	1	16
Lab-3	2811	270168	0	3	3	1	1	1	1	1	1			1	118
Lab-3	2811	270201	0	2	4			0		1	1	1	1	1	33
Lab-3	2811	270211	0	2	4	1	1	1	1	1	1			1	135
Lab-3	2811	270220	0	5	1			0		1	1	1	1	1	20
Lab-3	2811	270227	0	0	6	0				1				0	1
Lab-3	2811	270227	1	1	5			0		1	1	1	1	1	10
Lab-3	2812	270272	0	2	5	0								0	2
Lab-3	2812	270272	1	5	2	1	1	1	1	1	1			1	141
Lab-3	2812	270276	0	5	2	1	1	1	1	1	1			1	170
Lab-3	2812	270277	0	5	2	1	1	1	1	1	1			1	113
Lab-3	2812	270280	0	1	6	1	1	1	1	1	1			1	110
Lab-3	2812	270283	0	2	5	1	1	1	1	1	1			1	126
Lab-3	2812	270285	0	0	7	1	1	1	1	1	1			1	82
Lab-3	2812	270293	0	0	7	1	1	1	1	1	1			1	82
Lab-3	2812	270294	0	0	7	1	1	1	1	1	1			1	84
Lab-3	2812	270296	0	4	3	1	1	1	1	1	1			1	118
Lab-3	2812	270297	0	5	2									0	6
Lab-3	2812	270297	1	7	0									0	6
Lab-3	2812	270304	0	0	7	1	1	1	1	1	1			1	83
Lab-3	2812	270305	0	4	3	1	1	1	1	1	1			1	117
Lab-3	2812	270310	0	0	7	1	1	1	1	1	1			1	83
Lab-3	2812	270324	0	0	7	1	1	1	1	1	1			1	82
Lab-3	2812	270327	0	0	7	1	1	1	1	1	1			1	88
Lab-3	2812	270330	0	0	7	1	1	1	1	1	1			1	81
Lab-3	2812	270334	0	0	7	1	1	1	1	1	1			1	116
Lab-3	2812	270349	0	0	7	0								0	2
Lab-3	2812	270349	1	2	5	1	1	1	1	1	1			1	139
Lab-3	2812	270357	0	2	5	1	1	1	1	1	1			1	221
Lab-3	2813	270391	0	3	3			0		1	1	1	1	1	15
Lab-3	2813	270393	0	5	1			0		1	1	1	1	1	14
Lab-3	2813	270399	0	3	3	1	1	1	1	1	1			1	98
Lab-3	2813	270401	0	2	4			0			1			0	4
Lab-3	2813	270401	1	3	3			0		1	1	1	1	1	14
Lab-3	2813	270404	0	0	6	0								0	1
Lab-3	2813	270404	1	1	5	1	1	1	1	1	1			1	63
Lab-3	2813	270406	0	1	5	0								0	2
Lab-3	2813	270406	1	2	4	1	1	1	1	1	1			1	11
Lab-3	2813	270423	0	4	2	0				1	1	1	1	1	14
Lab-3	2813	270425	0	4	2			0		1	1	1	1	1	10
Lab-3	2813	270444	0	4	2	0				1	1	1	1	1	14
Lab-3	2813	270454	0	5	1			0		1	1	1	1	1	22
Lab-3	2813	270456	0	4	2									0	6
Lab-3	2813	270456	1	6	0									0	6
Lab-3	2813	270463	0	2	4	1	1	1	1	1	1			1	102
Lab-3	2813	270465	0	1	5			0			1			0	2
Lab-3	2813	270465	1	2	4	0				1	1	1	1	1	9
Lab-3	2813	270466	0	5	1	1	1	1	1	1	1			1	112
Lab-3	2813	270468	0	1	5	0								0	1
Lab-3	2813	270468	1	2	4			0		1	1	1	1	1	15
Lab-3	2813	270469	0	3	3			0		1	1	1	1	1	12
Lab-3	2813	270483	0	0	6	1	1	1	1	1	1			1	60
Lab-4	2824	271034	0	6	2	1	1	1	1	1	1			1	135
Lab-4	2824	271039	0	5	3		0			1	1	1	1	1	44
Lab-4	2824	271043	0	5	3		0			1	1	1	1	1	146
Lab-4	2824	271056	0	3	5									0	71
Lab-4	2824	271056	1	5	3									1	26
Lab-4	2824	271080	0	5	3									0	8
Lab-4	2824	271080	1	8	0									0	8
Lab-4	2824	271081	0	5	3									0	2
Lab-4	2824	271081	1	8	0									0	2
Lab-4	2824	271083	0	6	2	1	1	1	1	1	1			1	166
Lab-4	2824	271084	0	6	2									0	1
Lab-4	2824	271084	1	8	0									0	1
Lab-4	2824	271090	0	5	3	1	1	1	1	1	1			1	154
Lab-4	2824	271093	0	6	2									0	1
Lab-4	2824	271093	1	8	0									0	1
Lab-4	2824	271095	0	5	3		0			1	1	1	1	1	60
Lab-4	2824	271100	0	5	3									0	7
Lab-4	2824	271100	1	8	0									0	7
Lab-4	2824	271106	0	6	2					1	0			0	14
Lab-4	2824	271106	1	8	0					1	0			0	
Lab-4	2824	271116	0	5	3	1	1	1	1	1	1			1	336
Lab-4	2825	271150	0	0	7	1	1	1	1	1	1			1	85
Lab-4	2825	271152	0	5	2	1	1	1	1	1	1			1	118
Lab-4	2825	271154	0	3	4	0				1	1	1	1	1	14
Lab-4	2825	271163	0	0	7	1	1	1	1	1	1			1	123
Lab-4	2825	271173	0	4	3	1	1	1	1	1	1			1	8
Lab-4	2825	271188	0	4	3	1	1	1	1	1	1			1	122
Lab-4	2825	271191	0	0	7	1	1	1	1	1	1			1	87
Lab-4	2825	271192	0	0	7	1	1	1	1	1	1			1	85
Lab-4	2825	271203	0	5	2									0	5
Lab-4	2825	271203	1	7	0									0	5
Lab-4	2825	271205	0	5	2	0				1	1	1	1	1	13
Lab-4	2825	271206	0	0	7	0				1				0	2
Lab-4	2825	271206	1	3	4	1	1	1	1	1	1			1	19
Lab-4	2825	271209	0	0	7	1	1	1	1	1	1			1	86
Lab-4	2825	271211	0	3	4	0				0	1	1	1	0	12
Lab-4	2825	271211	1	5	2	1	1	1	1	1	1			1	107
Lab-4	2825	271213	0	2	5					0	1			0	12
Lab-4	2825	271213	1	3	4	0				0	1	1	1	0	12
Lab-4	2825	271213	2	4	3	0				1	1	1	1	1	17
Lab-4	2825	271216	0	5	2	1	1	1	1	1	1			1	23
Lab-4	2825	271217	0	0	7	1	1	1	1	1	1			1	112
Lab-4	2825	271220	0	2	5			0		1	1			0	7
Lab-4	2825	271220	1	3	4	1	1	1	1	1	1			1	6
Lab-4	2825	271224	0	0	7	0								0	2
Lab-4	2825	271224	1	6	1	0				1	1	1	1	1	22
Lab-4	2825	271226	0	0	7	1	1	1	1	1	1			1	141
Lab-4	2825	271228	0	3	4	0								0	2
Lab-4	2825	271228	1	1	6					0	1			0	8
Lab-4	2825	271239	0	0	7	1	1	1	1	1	1			1	184
Lab-4	2825	271241	0	0	7	1	1	1	1	1	1			1	162
Lab-4	2827	271276	0	0	9	1	1	1	1	1	1			1	162
Lab-4	2827	271281	0	0	9	1	1	1	1	1	1			1	122
Lab-4	2827	271291	0	0	9	1	1	1	1	1	1			1	104
Lab-4	2827	271306	0	6	3	0								0	1
Lab-4	2827	271306	1	6	3	0				1	1	1	1	1	9
Lab-4	2827	271315	0	3	6	1	1	1	1	1	1			1	137
Lab-4	2827	271326	0	4	5			0		1	1	1	1	1	16
Lab-4	2827	271327	0	6	3	1	1	1	1	1	1			1	10
Lab-4	2827	271328	0	0	9	1	1	1	1	1	1			1	130
Lab-4	2827	271338	0	6	3	1	1	1	1	1	1			1	127
Lab-4	2827	271340	0	0	9	0				1	1			0	2
Lab-4	2827	271340	1	3	6	0				1	1	1	1	1	32
Lab-4	2827	271353	0	3	6	1	1	1	1	1	1			1	139
Lab-4	2827	271368	0	0	9	1	1	1	1	1	1			1	95
Lab-4	2828	271410	0	0	7			0			1			0	6
Lab-4	2828	271410	1	2	5	1	1	1	1	1	1			1	75
Lab-4	2828	271424	0	2	5	1	1	1	1	1	1			1	92
Lab-4	2828	271430	0	4	3	1	1	1	1	1	1			1	110
Lab-4	2828	271443	0	5	2	1	1	1	1	1	1			1	123
Lab-4	2828	271445	0	3	4	1	1	1	1	1	1			1	187
Lab-4	2828	271447	0	4	3	1	1	1	1	1	1			1	173
Lab-4	2828	271451	0	0	7	1	1	1	1	1	1			1	17
Lab-4	2828	271455	0	5	2	1	1	1	1	1	1			1	84
Lab-4	2828	271463	0	4	3					0	1			0	15
Lab-4	2828	271463	1	5	2	0					1	0		0	19
Lab-4	2828	271463	2	6	1					1	0			0	13
Lab-4	2828	271463	3	7	0					1	0			0	
Lab-4	2828	271464	0	3	4	1	1	1	1	1	1			1	90
Lab-4	2828	271471	0	0	7			0						0	6
Lab-4	2828	271471	1	2	5	1	1	1	1	1	1			1	93
Lab-4	2828	271491	0	5	2	1	1	1	1	1	1			1	118
Lab-4	2828	271504	0	4	3					0	1			0	7
Lab-4	2828	271504	1	5	2					0	1			0	12
Lab-4	2828	271504	2	6	1						0			0	5
Lab-4	2828	271504	3	7	0						0			0	
Lab-4	2828	271506	0	2	5					0	1			0	17
Lab-4	2828	271506	1	4	3	0				0	1	1	1	0	22
Lab-4	2828	271506	2	5	2	1	1	1	1	1	1			1	117
Lab-4	2830	271528	0	1	4									0	11
Lab-4	2830	271528	1	5	0									0	11
Lab-4	2830	271532	0	4	1									0	5
Lab-4	2830	271532	1	5	0									0	5
Lab-4	2830	271543	0	0	5	1	1	1	1	1	1			1	901
Lab-4	2830	271565	0	3	2	0								0	4
Lab-4	2830	271565	1	4	1	0								0	19
Lab-4	2830	271565	2	5	0	0								0	
Lab-4	2830	271569	0	2	3									0	20
Lab-4	2830	271569	1	5	0									0	20
Lab-4	2830	271574	0	0	5	1	1	1	1	1	1			1	901
Lab-4	2830	271575	0	3	2					0	1			0	8
Lab-4	2830	271575	1	4	1					0	1			0	17
Lab-4	2830	271575	2	5	0					0	1			0	
Lab-4	2830	271604	0	4	1									0	6
Lab-4	2830	271604	1	5	0									0	6
Lab-4	2830	271605	0	4	1									0	3
Lab-4	2830	271605	1	5	0									0	3
Lab-4	2830	271621	0	2	3									0	1
Lab-4	2830	271621	1	5	0									0	1
Lab-4	2830	271625	0	2	3			0		1	1			0	2
Lab-4	2830	271625	1	4	1			0		1	1	1	0	0	17
Lab-4	2830	271625	2	5	0			0		1	1	1	0	0	
Lab-4	2831	271655	0	0	5									0	85
Lab-4	2831	271655	1	5	0									0	85
Lab-4	2831	271659	0	3	2			0			1	0		0	20
Lab-4	2831	271659	1	4	1	1	1	1	1	1	1			1	900
Lab-4	2831	271670	0	0	5	1	1	1	1	1	1			1	604
Lab-4	2831	271671	0	0	5	0								0	6
Lab-4	2831	271671	1	1	4			0			1			0	41
Lab-4	2831	271671	2	2	3	1	1	1	1	1	1			1	605
Lab-4	2831	271685	0	1	4									0	22
Lab-4	2831	271685	1	5	0									0	22
Lab-4	2831	271689	0	0	5	1	1	1	1	1	1			1	186
Lab-4	2831	271754	0	3	2									0	15
Lab-4	2831	271754	1	5	0									0	15
Lab-4	2831	271757	0	0	5	1	1	1	1	1	1			1	158
Lab-4	2832	271793	0	6	1									0	31
Lab-4	2832	271793	1	7	0									0	31
Lab-4	2832	271797	0	6	1									0	16
Lab-4	2832	271797	1	7	0									0	16
Lab-4	2832	271801	0	6	1									0	50
Lab-4	2832	271801	1	7	0									0	50
Lab-4	2832	271804	0	6	1						0			0	7
Lab-4	2832	271804	1	7	0						0			0	
Lab-4	2832	271814	0	6	1									0	4
Lab-4	2832	271814	1	7	0									0	4
Lab-4	2832	271815	0	6	1									0	44
Lab-4	2832	271815	1	7	0									0	44
Lab-4	2832	271817	0	4	3	1	1	1	1	1	1			1	150
Lab-4	2832	271818	0	6	1	1	1	1	1	1	1			1	148
Lab-4	2832	271826	0	6	1									0	41
Lab-4	2832	271826	1	7	0									0	41
Lab-4	2832	271831	0	6	1					1	0			0	9
Lab-4	2832	271831	1	7	0					1	0			0	
Lab-4	2832	271845	0	6	1									0	13
Lab-4	2832	271845	1	7	0									0	13
Lab-4	2832	271851	0	6	1									0	34
Lab-4	2832	271851	1	7	0									0	34
Lab-4	2832	271855	0	6	1	1	1	1	1	1	1			1	103
Lab-4	2832	271858	0	4	3					0	1			0	11
Lab-4	2832	271858	1	6	1						0			0	5
Lab-4	2832	271858	2	7	0						0			0	
Lab-4	2832	271867	0	1	6									0	2
Lab-4	2832	271867	1	7	0									0	2
Lab-4	2832	271876	0	5	2									0	9
Lab-4	2832	271876	1	7	0									0	9
Lab-4	2832	271878	0	4	3									0	14
Lab-4	2832	271878	1	7	0									0	14
Lab-4	2833	271912	0	0	6	1	1	1	1	1	1			1	900
Lab-4	2833	271916	0	3	3			0			1	0		0	26
Lab-4	2833	271916	1	4	2			0			1	0		0	29
Lab-4	2833	271916	2	5	1	1	1	1	1	1	1			1	910
Lab-4	2833	271920	0	0	6					0	1			0	163
Lab-4	2833	271920	1	1	5	1	1	1	1	1	1			1	172
Lab-4	2833	271922	0	2	4									0	81
Lab-4	2833	271922	1	6	0									0	81
Lab-4	2833	271927	0	0	6	1	1	1	1	1	1			1	902
Lab-4	2833	271944	0	1	5									0	56
Lab-4	2833	271944	1	6	0									0	56
Lab-4	2833	271946	0	1	5									0	1
Lab-4	2833	271946	1	6	0									0	1
Lab-4	2833	271965	0	1	5			0			1	0		0	36
Lab-4	2833	271965	1	2	4		0				1	1	0	0	23
Lab-4	2833	271965	2	3	3			0		1	1	1	1	1	901
Lab-4	2833	271975	0	2	4	0				1	1	1	1	1	904
Lab-4	2833	271977	0	1	5			0			1	1	0	0	16
Lab-4	2833	271977	1	2	4			0			1	1	0	0	28
Lab-4	2833	271977	2	3	3	1	1	1	1	1	1			1	900
Lab-4	2833	271982	0	1	5			0		0	1	1	1	0	530
Lab-4	2833	271982	1	2	4			0			1	0		0	27
Lab-4	2833	271982	2	3	3		0				1	1	0	0	427
Lab-4	2833	271982	3	4	2			0				0		0	30
Lab-4	2833	271982	4	5	1	1	1	1	1	1	1			1	901
Lab-4	2833	271983	0	1	5			0				0		0	30
Lab-4	2833	271983	1	2	4		0					1	0	0	29
Lab-4	2833	271983	2	3	3			0		1	1	1	1	1	902
Lab-4	2833	271984	0	6	0									0	901
Lab-4	2833	271984	1	6	0									0	901
Lab-4	2833	271986	0	4	2									0	3
Lab-4	2833	271986	1	6	0									0	3
Lab-4	2833	271987	0	1	5			0			1	0		0	22
Lab-4	2833	271987	1	2	4			0			1	0		0	17
Lab-4	2833	271987	2	3	3			0			1	0		0	17
Lab-4	2833	271987	3	4	2			0			1	0		0	17
Lab-4	2833	271987	4	5	1	1	1	1	1	1	1			1	901
Lab-4	2833	271989	0	0	6	1	1	1	1	1	1			1	47
Lab-4	2833	271990	0	1	5			0			1	0		0	16
Lab-4	2833	271990	1	2	4			0			1	0		0	17
Lab-4	2833	271990	2	3	3			0			1	0		0	17
Lab-4	2833	271990	3	4	2			0			1	0		0	14
Lab-4	2833	271990	4	5	1	1	1	1	1	1	1			1	901
Lab-4	2833	271993	0	0	6	1	1	1	1	1	1			1	902
Lab-4	2833	272004	0	0	6	1	1	1	1	1	1			1	912
Lab-6	2932	279945	0	1	6									0	35
Lab-6	2932	279945	1	7	0									0	35
Lab-6	2932	279950	0	1	6									0	20
Lab-6	2932	279950	1	7	0									0	20
Lab-6	2932	279952	0	1	6			0			1			0	202
Lab-6	2932	279952	1	7	0			0			1			0	
Lab-6	2932	279954	0	5	2	1	1	1	1	1	1			1	34
Lab-6	2932	279969	0	3	4			0		1	1	1	1	1	863
Lab-6	2932	279986	0	6	1									0	10
Lab-6	2932	279986	1	7	0									0	10
Lab-6	2932	279991	0	2	5									0	849
Lab-6	2932	279991	1	7	0									0	849
Lab-6	2932	279994	0	0	7	0				1	1			0	94
Lab-6	2932	279994	1	2	5	0				1		1	0	0	38
Lab-6	2932	279994	2	3	4			0		1	1	1	1	1	94
Lab-6	2932	280004	0	2	5									0	24
Lab-6	2932	280004	1	7	0									0	24
Lab-6	2932	280006	0	7	0									0	24
Lab-6	2932	280006	1	7	0									0	24
Lab-6	2932	280010	0	1	6									0	2
Lab-6	2932	280010	1	7	0									0	2
Lab-6	2932	280011	0	1	6			0						0	5
Lab-6	2932	280011	1	2	5	1	1	1	1	1	1			1	481
Lab-6	2932	280017	0	1	6	0					1			0	551
Lab-6	2932	280017	1	2	5	1	1	1	1	1	1			1	901
Lab-6	2932	280020	0	1	6									0	36
Lab-6	2932	280020	1	7	0									0	36
Lab-6	2932	280035	0	2	5									0	26
Lab-6	2932	280035	1	7	0									0	26
Lab-6	2933	280079	0	2	3									0	57
Lab-6	2933	280079	1	5	0									0	57
Lab-6	2933	280102	0	0	5	1	1	1	1	1	1			1	100
Lab-6	2933	280113	0	4	1									0	11
Lab-6	2933	280113	1	5	0									0	11
Lab-6	2933	280127	0	3	2									0	14
Lab-6	2933	280127	1	5	0									0	14
Lab-6	2933	280141	0	4	1									0	21
Lab-6	2933	280141	1	5	0									0	21
Lab-6	2934	280188	0	0	5	0					1			0	95
Lab-6	2934	280188	1	3	2	0				1				0	9
Lab-6	2934	280188	2	5	0	0				1				0	
Lab-6	2934	280208	0	0	5	1	1	1	1	1	1			1	482
Lab-6	2934	280215	0	0	5	1	1	1	1	1	1			1	475
Lab-6	2934	280223	0	0	5	1	1	1	1	1	1			1	520
Lab-6	2934	280226	0	0	5	1	1	1	1	1	1			1	334
Lab-6	2934	280231	0	0	5	1	1	1	1	1	1			1	561
Lab-6	2934	280235	0	0	5	1	1	1	1	1	1			1	346
Lab-6	2934	280238	0	0	5	1	1	1	1	1	1			1	380
Lab-6	2934	280259	0	0	5	1	1	1	1	1	1			1	483
Lab-6	2934	280288	0	3	2									0	1
Lab-6	2934	280288	1	5	0									0	1
Lab-6	2935	280333	0	0	4	1	1	1	1	1	1			1	838
Lab-6	2935	280334	0	0	4	1	1	1	1	1	1			1	900
Lab-6	2935	280339	0	0	4	1	1	1	1	1	1			1	900
Lab-6	2935	280354	0	1	3									0	26
Lab-6	2935	280354	1	4	0									0	26
Lab-6	2935	280356	0	1	3	1	1	1	1	1	1			1	903
Lab-6	2935	280360	0	4	0									0	900
Lab-6	2935	280360	1	4	0									0	900
Lab-6	2935	280375	0	4	0									0	900
Lab-6	2935	280375	1	4	0									0	900
Lab-6	2935	280379	0	4	0									0	900
Lab-6	2935	280379	1	4	0									0	900
Lab-6	2935	280399	0	1	3									0	9
Lab-6	2935	280399	1	4	0									0	9
Lab-6	2935	280402	0	4	0									0	9
Lab-6	2935	280402	1	4	0									0	9
Lab-6	2935	280411	0	4	0									0	9
Lab-6	2935	280411	1	4	0									0	9
Lab-6	2935	280415	0	0	4	1	1	1	1	1	1			1	903
Lab-6	2936	280455	0	1	4	0					1			0	1
Lab-6	2936	280455	1	3	2			0		1	1	1	1	1	352
Lab-6	2936	280478	0	0	5									0	1
Lab-6	2936	280478	1	5	0									0	1
Lab-6	2936	280482	0	0	5									0	1
Lab-6	2936	280482	1	5	0									0	1
Lab-6	2936	280484	0	0	5			0			1			0	16
Lab-6	2936	280484	1	0	5			0			1			0	15
Lab-6	2936	280501	0	4	1									0	19
Lab-6	2936	280501	1	5	0									0	19
Lab-6	2936	280511	0	2	3	0					0	1	1	0	26
Lab-6	2936	280511	1	5	0	0					0	1	1	0	
Lab-6	2936	280513	0	0	5									0	2
Lab-6	2936	280513	1	5	0									0	2
Lab-6	2936	280520	0	0	5	0								0	1
Lab-6	2936	280520	1	4	1		0			1	1	1	1	1	901
Lab-6	2936	280522	0	1	4	0								0	2
Lab-6	2936	280522	1	3	2	0				1	1	1	1	1	70
Lab-6	2936	280530	0	0	5	0								0	21
Lab-6	2936	280530	1	1	4	0					1			0	60
Lab-6	2936	280530	2	3	2			0		1	1	1	1	1	901
Lab-6	2936	280534	0	3	2									0	2
Lab-6	2936	280534	1	5	0									0	2
Lab-6	2937	280566	0	0	5	1	1	1	1	1	1			1	905
Lab-6	2937	280572	0	0	5	1	1	1	1	1	1			1	901
Lab-6	2937	280581	0	0	5	0								0	2
Lab-6	2937	280581	1	1	4	0					1			0	6
Lab-6	2937	280581	2	1	4			0			1			0	9
Lab-6	2937	280592	0	0	5	1	1	1	1	1	1			1	97
Lab-6	2937	280594	0	4	1									0	19
Lab-6	2937	280594	1	5	0									0	19
Lab-6	2937	280596	0	0	5	1	1	1	1	1	1			1	902
Lab-6	2937	280609	0	1	4	1	1	1	1	1	1			1	606
Lab-6	2937	280631	0	4	1									0	2
Lab-6	2937	280631	1	5	0									0	2
Lab-6	2937	280641	0	5	0									0	2
Lab-6	2937	280641	1	5	0									0	2
Lab-6	2937	280650	0	3	2	1	1	1	1	1	1			1	634
Lab-6	2938	280702	0	0	5	1	1	1	1	1	1			1	604
Lab-6	2938	280707	0	0	5	1	1	1	1	1	1			1	262
Lab-6	2938	280710	0	0	5									0	29
Lab-6	2938	280710	1	5	0									0	29
Lab-6	2938	280715	0	0	5					0	1			0	65
Lab-6	2938	280715	1	5	0					0	1			0	
Lab-6	2938	280723	0	0	5	1	1	1	1	1	1			1	600
Lab-6	2938	280726	0	0	5									0	144
Lab-6	2938	280726	1	5	0									0	144
Lab-6	2938	280727	0	0	5	1	1	1	1	1	1			1	605
Lab-6	2938	280734	0	0	5									0	61
Lab-6	2938	280734	1	5	0									0	61
Lab-6	2938	280735	0	0	5	1	1	1	1	1	1			1	881
Lab-6	2938	280740	0	0	5			0			1			0	136
Lab-6	2938	280740	1	0	5			0			1			0	10
Lab-6	2938	280747	0	0	5	0					1			0	30
Lab-6	2938	280747	1	1	4	1	1	1	1	1	1			1	901
Lab-6	2938	280754	0	0	5									0	15
Lab-6	2938	280754	1	5	0									0	15
Lab-6	2938	280776	0	2	3	1	1	1	1	1	1			1	609
Lab-6	2938	280785	0	0	5	1	1	1	1	1	1			1	782
Lab-6	2938	280787	0	0	5	0				1	1			0	518
Lab-6	2938	280787	1	0	5		0				1			0	8
Lab-6	2938	280796	0	0	5	1	1	1	1	1	1			1	306
Lab-6	2939	280834	0	6	1									0	27
Lab-6	2939	280834	1	7	0									0	27
Lab-6	2939	280855	0	3	4									0	19
Lab-6	2939	280855	1	7	0									0	19
Lab-6	2939	280857	0	0	7			0						0	12
Lab-6	2939	280857	1	3	4	0					1	1	0	0	148
Lab-6	2939	280857	2	4	3	1	1	1	1	1	1			1	911
Lab-6	2939	280874	0	5	2									0	53
Lab-6	2939	280874	1	7	0									0	53
Lab-6	2939	280884	0	6	1									0	2
Lab-6	2939	280884	1	7	0									0	2
Lab-6	2939	280886	0	6	1									0	1
Lab-6	2939	280886	1	7	0									0	1
Lab-6	2939	280896	0	0	7									0	49
Lab-6	2939	280896	1	7	0									0	49
Lab-6	2939	280902	0	4	3	0				1	1	1	1	1	901
Lab-7	3075	295396	0	5	4									0	23
Lab-7	3075	295396	1	9	0									0	23
Lab-7	3075	295416	0	8	1	1	1	1	1	1	1			1	339
Lab-7	3075	295418	0	8	1	1	1	1	1	1	1			1	803
Lab-7	3075	295421	0	0	9						0			0	50
Lab-7	3075	295421	1	9	0						0			0	
Lab-7	3075	295443	0	8	1	1	1	1	1	1	1			1	456
Lab-7	3075	295450	0	3	6			0		1	1	1	1	1	302
Lab-7	3075	295455	0	0	9	0					1			0	73
Lab-7	3075	295455	1	1	8			0						0	21
Lab-7	3075	295455	2	3	6			0			1	1	0	0	365
Lab-7	3075	295455	3	4	5	0						0		0	50
Lab-7	3075	295455	4	5	4	1	1	1	1	1	1			1	902
Lab-7	3075	295459	0	0	9			0			1			0	259
Lab-7	3075	295459	1	3	6	1	1	1	1	1	1			1	859
Lab-7	3075	295460	0	8	1	1	1	1	1	1	1			1	344
Lab-7	3076	295637	0	0	9									0	8
Lab-7	3076	295637	1	9	0									0	8
Lab-7	3076	295639	0	4	5									0	522
Lab-7	3076	295639	1	9	0									0	522
Lab-7	3076	295675	0	1	8	1	1	1	1	1	1			1	397
Lab-7	3076	295679	0	1	8		0							0	6
Lab-7	3076	295679	1	4	5	1	1	1	1	1	1			1	343
Lab-7	3076	295680	0	4	5	1	1	1	1	1	1			1	289
Lab-7	3076	295684	0	4	5			0			1			0	98
Lab-7	3076	295684	1	5	4			0						0	18
Lab-7	3076	295684	2	9	0			0						0	
Lab-7	3076	295685	0	1	8		0							0	5
Lab-7	3076	295685	1	4	5	1	1	1	1	1	1			1	362
Lab-7	3076	295686	0	1	8			0						0	9
Lab-7	3076	295686	1	2	7	1	1	1	1	1	1			1	779
Lab-7	3076	295687	0	2	7	1	1	1	1	1	1			1	286
Lab-7	3076	295696	0	0	9	0								0	12
Lab-7	3076	295696	1	1	8			0		1	1	1	1	1	718
Lab-7	3076	295698	0	4	5			0						0	5
Lab-7	3076	295698	1	5	4			0						0	3
Lab-7	3076	295698	2	9	0			0						0	
Lab-7	3076	295711	0	3	6									0	122
Lab-7	3076	295711	1	9	0									0	122
Lab-7	3076	295726	0	4	5	1	1	1	1	1	1			1	275
Lab-7	3076	295738	0	4	5			0		1	1	1	1	1	762
Lab-7	3077	295888	0	4	4	0					1	1	0	0	30
Lab-7	3077	295888	1	5	3	0					1	1	0	0	43
Lab-7	3077	295888	2	6	2	1	1	1	1	1	1			1	305
Lab-7	3077	295891	0	1	7	1	1	1	1	1	1			1	255
Lab-7	3077	295892	0	4	4			0			1	1	0	0	58
Lab-7	3077	295892	1	5	3			0		1	1	1	1	1	394
Lab-7	3077	295903	0	6	2	1	1	1	1	1	1			1	242
Lab-7	3077	295929	0	0	8	0								0	2
Lab-7	3077	295929	1	1	7	1	1	1	1	1	1			1	911
Lab-7	3077	295934	0	2	6	0					1	1	0	0	44
Lab-7	3077	295934	1	3	5	1	1	1	1	1	1			1	619
Lab-7	3077	295938	0	6	2									0	19
Lab-7	3077	295938	1	8	0									0	19
Lab-7	3077	295949	0	5	3	1	1	1	1	1	1			1	624
Lab-7	3077	295962	0	4	4	0								0	3
Lab-7	3077	295962	1	5	3	1	1	1	1	1	1			1	902
Lab-7	3077	295964	0	5	3	1	1	1	1	1	1			1	257
Lab-7	3077	295971	0	3	5	0				1				0	4
Lab-7	3077	295971	1	4	4	0				1	1	1	1	1	45
Lab-7	3077	295981	0	4	4	0					1	1	0	0	30
Lab-7	3077	295981	1	5	3			0		1				0	43
Lab-7	3077	295981	2	6	2	1	1	1	1	1	1			1	311
Lab-7	3077	295985	0	6	2	1	1	1	1	1	1			1	568
Lab-7	3078	296153	0	0	9		0							0	19
Lab-7	3078	296153	1	1	8			0		1	1	1	1	1	912
Lab-7	3078	296157	0	0	9			0						0	19
Lab-7	3078	296157	1	1	8	1	1	1	1	1	1			1	901
Lab-7	3078	296158	0	2	7			0		1	1	1	1	1	333
Lab-7	3078	296161	0	3	6	0								0	2
Lab-7	3078	296161	1	4	5	1	1	1	1	1	1			1	318
Lab-7	3078	296164	0	8	1	1	1	1	1	1	1			1	408
Lab-7	3078	296175	0	0	9	0								0	7
Lab-7	3078	296175	1	1	8	1	1	1	1	1	1			1	902
Lab-7	3078	296177	0	1	8	1	1	1	1	1	1			1	162
Lab-7	3078	296185	0	2	7	1	1	1	1	1	1			1	283
Lab-7	3078	296186	0	2	7			0			1	1	0	0	42
Lab-7	3078	296186	1	3	6			0		1	1	1	1	1	312
Lab-7	3078	296191	0	3	6									0	35
Lab-7	3078	296191	1	9	0									0	35
Lab-7	3078	296198	0	2	7		0			1	1	1	1	1	263
Lab-7	3078	296208	0	2	7	1	1	1	1	1	1			1	445
Lab-7	3078	296211	0	1	8	1	1	1	1	1	1			1	255
Lab-7	3078	296215	0	8	1	0				1	1	1	1	1	735
Lab-7	3078	296218	0	2	7	1	1	1	1	1	1			1	455
Lab-7	3078	296227	0	1	8	1	1	1	1	1	1			1	305
Lab-7	3078	296230	0	0	9	0								0	2
Lab-7	3078	296230	1	1	8	1	1	1	1	1	1			1	470
Lab-7	3078	296236	0	1	8	1	1	1	1	1	1			1	298
Lab-7	3078	296238	0	0	9			0			1			0	85
Lab-7	3078	296238	1	1	8	1	1	1	1	1	1			1	829
Lab-7	3079	295515	0	0	8	0								0	13
Lab-7	3079	295515	1	2	6		0							0	12
Lab-7	3079	295515	2	2	6		0							0	31
Lab-7	3079	295540	0	7	1									0	1
Lab-7	3079	295540	1	8	0									0	1
Lab-7	3079	295551	0	-1	-1		0							1	
Lab-7	3079	295576	0	4	4									0	125
Lab-7	3079	295576	1	8	0									0	125
Lab-7	3079	295587	0	2	6			0			1			0	61
Lab-7	3079	295587	1	7	1			0		1	1	1	1	1	901
Lab-7	3080	295769	0	3	5			0		1	1	1	1	1	902
Lab-7	3080	295775	0	6	2									0	60
Lab-7	3080	295775	1	8	0									0	60
Lab-7	3080	295783	0	0	8	0								0	5
Lab-7	3080	295783	1	3	5	0				0		1	1	0	524
Lab-7	3080	295783	2	5	3	0				1	1	1	1	1	904
Lab-7	3080	295784	0	0	8	1	1	1	1	1	1			1	905
Lab-7	3080	295814	0	2	6	0						1	0	0	16
Lab-7	3080	295814	1	3	5					0	1			0	19
Lab-7	3080	295814	2	7	1	0				1	1	1	1	1	352
Lab-7	3080	295815	0	0	8									0	2
Lab-7	3080	295815	1	8	0									0	2
Lab-7	3080	295825	0	0	8									0	7
Lab-7	3080	295825	1	8	0									0	7
Lab-7	3080	295842	0	7	1									0	32
Lab-7	3080	295842	1	8	0									0	32
Lab-7	3080	295846	0	7	1			0			0	1	1	0	141
Lab-7	3080	295846	1	8	0			0			0	1	1	0	
Lab-7	3080	295849	0	7	1									0	48
Lab-7	3080	295849	1	8	0									0	48
Lab-7	3080	295850	0	5	3			0		1	1	1	1	1	345
Lab-7	3089	296015	0	8	1						0			0	16
Lab-7	3089	296015	1	9	0						0			0	
Lab-7	3089	296017	0	8	1									0	23
Lab-7	3089	296017	1	9	0									0	23
Lab-7	3089	296019	0	7	2						0			0	55
Lab-7	3089	296019	1	9	0						0			0	
Lab-7	3089	296032	0	5	4	1	1	1	1	1	1			1	30
Lab-7	3089	296043	0	6	3									0	53
Lab-7	3089	296043	1	9	0									0	53
Lab-7	3089	296049	0	2	7	0					1			0	66
Lab-7	3089	296049	1	3	6			0		1	1	1	1	1	912
Lab-7	3089	296082	0	0	9	1	1	1	1	1	1			1	901
Lab-7	3089	296092	0	7	2		0			1	1			0	159
Lab-7	3089	296092	1	8	1			0		1	1	1	1	1	332
Lab-7	3089	296108	0	2	7	0								0	16
Lab-7	3089	296108	1	4	5	0				1	0	1	1	0	168
Lab-7	3089	296108	2	9	0	0				1	0	1	1	0	
Lab-7	3090	296304	0	8	1									0	183
Lab-7	3090	296304	1	9	0									0	183
Lab-7	3090	296306	0	0	9						0			0	60
Lab-7	3090	296306	1	9	0						0			0	
Lab-7	3090	296308	0	1	8									0	6
Lab-7	3090	296308	1	9	0									0	6
Lab-7	3090	296325	0	6	3			0			1			0	58
Lab-7	3090	296325	1	6	3			0			1			0	57
Lab-7	3090	296335	0	7	2	1	1	1	1	1	1			1	687
Lab-7	3090	296350	0	0	9	1	1	1	1	1	1			1	903
Lab-8	3081	297279	0	7	1									0	70
Lab-8	3081	297279	1	8	0									0	70
Lab-8	3081	297284	0	8	0									0	70
Lab-8	3081	297284	1	8	0									0	70
Lab-8	3081	297286	0	5	3			0		1	1	1	1	1	903
Lab-8	3081	297318	0	7	1									0	274
Lab-8	3081	297318	1	8	0									0	274
Lab-8	3081	297336	0	2	6	1	1	1	1	1	1			1	911
Lab-8	3081	297338	0	6	2									0	224
Lab-8	3081	297338	1	8	0									0	224
Lab-8	3081	297342	0	7	1			0				1	0	0	24
Lab-8	3081	297342	1	8	0			0				1	0	0	
Lab-8	3081	297343	0	0	8	1	1	1	1	1	1			1	647
Lab-8	3081	297349	0	6	2									0	27
Lab-8	3081	297349	1	8	0									0	27
Lab-8	3082	297398	0	3	2			0			0	1	1	0	20
Lab-8	3082	297398	1	5	0			0			0	1	1	0	
Lab-8	3082	297405	0	3	2									0	19
Lab-8	3082	297405	1	5	0									0	19
Lab-8	3082	297411	0	0	5	0								0	7
Lab-8	3082	297411	1	1	4	0				1	1	1	1	1	901
Lab-8	3082	297415	0	0	5			0						0	4
Lab-8	3082	297415	1	3	2	1	1	1	1	1	1			1	24
Lab-8	3082	297423	0	2	3	1	1	1	1	1	1			1	293
Lab-8	3082	297430	0	0	5	0					1			0	31
Lab-8	3082	297430	1	1	4	0								0	3
Lab-8	3082	297430	2	3	2	0				1	1	1	1	1	901
Lab-8	3082	297432	0	0	5	0					1			0	18
Lab-8	3082	297432	1	1	4			0						0	29
Lab-8	3082	297432	2	2	3	1	1	1	1	1	1			1	911
Lab-8	3082	297434	0	0	5			0			1			0	36
Lab-8	3082	297434	1	1	4			0		1	1	1	1	1	242
Lab-8	3082	297445	0	0	5	0								0	2
Lab-8	3082	297445	1	2	3	0					1			0	5
Lab-8	3082	297445	2	3	2				0	1	1	1	1	1	901
Lab-8	3082	297447	0	-1	-1				0	1	1	1	1	1	
Lab-8	3082	297448	0	2	3	1	1	1	1	1	1			1	630
Lab-8	3082	297453	0	2	3	1	1	1	1	1	1			1	573
Lab-8	3082	297459	0	4	1									0	48
Lab-8	3082	297459	1	5	0									0	48
Lab-8	3082	297462	0	0	5									0	1
Lab-8	3082	297462	1	5	0									0	1
Lab-8	3082	297466	0	0	5	1	1	1	1	1	1			1	21
Lab-8	3082	297468	0	3	2									0	49
Lab-8	3082	297468	1	2	3									1	910
Lab-8	3082	297481	0	0	5	1	1	1	1	1	1			1	23
Lab-8	3082	297483	0	0	5			0						0	4
Lab-8	3082	297483	1	1	4			0		1	1	1	1	1	664
Lab-8	3082	297490	0	2	3	1	1	1	1	1	1			1	704
Lab-8	3083	297563	0	5	2						0			0	22
Lab-8	3083	297563	1	7	0						0			0	
Lab-8	3084	297652	0	2	2									0	297
Lab-8	3084	297652	1	4	0									0	297
Lab-8	3084	297655	0	2	2									0	92
Lab-8	3084	297655	1	4	0									0	92
Lab-8	3084	297672	0	2	2									0	387
Lab-8	3084	297672	1	4	0									0	387
Lab-8	3084	297687	0	0	4									0	122
Lab-8	3084	297687	1	4	0									0	122
Lab-8	3084	297697	0	3	1									0	318
Lab-8	3084	297697	1	4	0									0	318
Lab-8	3084	297698	0	3	1	0					0	1	1	0	43
Lab-8	3084	297698	1	4	0	0					0	1	1	0	
Lab-8	3084	297706	0	3	1									0	69
Lab-8	3084	297706	1	4	0									0	69
Lab-8	3084	297708	0	3	1									0	20
Lab-8	3084	297708	1	3	1									1	100
Lab-8	3084	297732	0	3	1									0	233
Lab-8	3084	297732	1	2	2									1	1
Lab-8	3084	297733	0	2	2									0	53
Lab-8	3084	297733	1	0	4									1	901
Lab-8	3084	297746	0	3	1									0	257
Lab-8	3084	297746	1	4	0									0	257
Lab-8	3084	297748	0	0	4									0	14
Lab-8	3084	297748	1	4	0									0	14
Lab-8	3085	297771	0	7	1	1	1	1	1	1	1			1	901
Lab-8	3085	297864	0	7	1	1	1	1	1	1	1			1	629
Lab-8	3086	297898	0	4	1			0			0	1	1	0	38
Lab-8	3086	297898	1	5	0			0			0	1	1	0	
Lab-8	3086	297906	0	3	2			0		1	1	1	1	1	902
Lab-8	3086	297913	0	2	3			0			1			0	78
Lab-8	3086	297913	1	3	2			0		1	1	1	1	1	901
Lab-8	3086	297926	0	0	5	1	1	1	1	1	1			1	651
Lab-8	3086	297928	0	4	1						0			0	42
Lab-8	3086	297928	1	5	0						0			0	
Lab-8	3086	297932	0	3	2	1	1	1	1	1	1			1	901
Lab-8	3086	297958	0	3	2			0						0	4
Lab-8	3086	297958	1	4	1			0		1	1	1	1	1	59
Lab-8	3086	297965	0	0	5			0			1			0	80
Lab-8	3086	297965	1	2	3			0						0	6
Lab-8	3086	297965	2	3	2			0		1	1	1	1	1	748
Lab-8	3086	297991	0	0	5			0						0	10
Lab-8	3086	297991	1	0	5	1	1	1	1	1	1			1	902
Lab-8	3086	298000	0	2	3			0						0	15
Lab-8	3086	298000	1	3	2			0		1	1	1	1	1	902
Lab-8	3087	298068	0	7	1									0	2
Lab-8	3087	298068	1	8	0									0	2
Lab-8	3087	298069	0	7	1	1	1	1	1	1	1			1	902
Lab-8	3087	298110	0	7	1	1	1	1	1	1	1			1	902
Lab-8	3087	298121	0	0	8			0			1			0	658
Lab-8	3087	298121	1	1	7	1	1	1	1	1	1			1	902
Lab-8	3088	298157	0	1	3	1	1	1	1	1	1			1	901
Lab-8	3088	298159	0	1	3			0			1			0	455
Lab-8	3088	298159	1	2	2	1	1	1	1	1	1			1	901
Lab-8	3088	298165	0	0	4	1	1	1	1	1	1			1	902
Lab-8	3088	298187	0	1	3			0			1	1	0	0	509
Lab-8	3088	298187	1	2	2			0			1			0	74
Lab-8	3088	298187	2	3	1						0			0	29
Lab-8	3088	298187	3	4	0						0			0	
Lab-8	3088	298189	0	0	4	1	1	1	1	1	1			1	911
Lab-8	3088	298191	0	1	3	1	1	1	1	1	1			1	902
Lab-8	3088	298208	0	0	4						0			0	26
Lab-8	3088	298208	1	4	0						0			0	
Lab-8	3088	298218	0	0	4						0			0	30
Lab-8	3088	298218	1	4	0						0			0	
Lab-8	3088	298220	0	2	2	1	1	1	1	1	1			1	902
Lab-8	3088	298225	0	0	4	1	1	1	1	1	1			1	901
Lab-8	3088	298226	0	3	1	1	1	1	1	1	1			1	901
Lab-8	3088	298227	0	1	3	1	1	1	1	1	1			1	901
Lab-8	3088	298233	0	0	4	1	1	1	1	1	1			1	911
Lab-8	3088	298236	0	3	1	1	1	1	1	1	1			1	953
Lab-9	3105	299999	0	0	4									0	1
Lab-9	3105	299999	1	4	0									0	1
Lab-9	3105	300001	0	0	4	1	1	1	1	1	1			1	233
Lab-9	3105	300014	0	0	4	1	1	1	1	1	1			1	528
Lab-9	3105	300016	0	0	4	0					1			0	18
Lab-9	3105	300016	1	1	3	0					1			0	9
Lab-9	3105	300016	2	4	0	0					1			0	
Lab-9	3105	300019	0	0	4	1	1	1	1	1	1			1	245
Lab-9	3105	300048	0	0	4	1	1	1	1	1	1			1	174
Lab-9	3105	300051	0	0	4									0	5
Lab-9	3105	300051	1	4	0									0	5
Lab-9	3105	300058	0	0	4									0	9
Lab-9	3105	300058	1	4	0									0	9
Lab-9	3105	300064	0	0	4	1	1	1	1	1	1			1	901
Lab-9	3105	300082	0	0	4	1	1	1	1	1	1			1	95
Lab-9	3106	300235	0	0	4			0		1				0	16
Lab-9	3106	300235	1	4	0			0		1				0	
Lab-9	3106	300237	0	0	4									0	17
Lab-9	3106	300237	1	4	0									0	17
Lab-9	3106	300255	0	2	2									0	1
Lab-9	3106	300255	1	4	0									0	1
Lab-9	3106	300273	0	2	2									0	2
Lab-9	3106	300273	1	4	0									0	2
Lab-9	3106	300283	0	2	2									0	11
Lab-9	3106	300283	1	4	0									0	11
Lab-9	3106	300285	0	0	4	1	1	1	1	1	1			1	84
Lab-9	3106	300294	0	0	4									0	1
Lab-9	3106	300294	1	4	0									0	1
Lab-9	3106	300296	0	2	2			0				0		0	20
Lab-9	3106	300296	1	3	1	1	1	1	1	1	1			1	95
Lab-9	3106	300309	0	0	4	1	1	1	1	1	1			1	53
Lab-9	3106	300324	0	2	2									0	46
Lab-9	3106	300324	1	4	0									0	46
Lab-9	3106	300335	0	4	0									0	46
Lab-9	3106	300335	1	4	0									0	46
Lab-9	3106	300336	0	2	2			0						0	3
Lab-9	3106	300336	1	2	2	0				1	1	1	1	1	218
Lab-9	3107	300486	0	4	5			0			0	1	1	0	64
Lab-9	3107	300486	1	9	0			0			0	1	1	0	
Lab-9	3107	300501	0	8	1									0	113
Lab-9	3107	300501	1	9	0									0	113
Lab-9	3107	300527	0	0	9	0					1			0	93
Lab-9	3107	300527	1	5	4	0						1	0	0	28
Lab-9	3107	300527	2	6	3	0					1	1	0	0	68
Lab-9	3107	300527	3	7	2	0					0	1	1	0	67
Lab-9	3107	300527	4	9	0	0					0	1	1	0	
Lab-9	3107	300531	0	7	2	0				1	1	1	1	1	911
Lab-9	3107	300536	0	8	1									0	151
Lab-9	3107	300536	1	9	0									0	151
Lab-9	3107	300560	0	7	2									0	161
Lab-9	3107	300560	1	9	0									0	161
Lab-9	3107	300562	0	7	2	0				1	1	1	1	1	902
Lab-9	3107	300579	0	4	5			0			1	1	0	0	274
Lab-9	3107	300579	1	5	4			0		1	1	1	1	1	635
Lab-9	3107	300581	0	5	4	0				1	1	1	1	1	262
Lab-9	3107	300583	0	8	1									0	124
Lab-9	3107	300583	1	9	0									0	124
Lab-9	3108	300755	0	3	4									0	6
Lab-9	3108	300755	1	7	0									0	6
Lab-9	3108	300764	0	7	0									0	6
Lab-9	3108	300764	1	7	0									0	6
Lab-9	3108	300772	0	4	3									0	40
Lab-9	3108	300772	1	7	0									0	40
Lab-9	3108	300775	0	4	3	0				1	1	1	1	1	911
Lab-9	3108	300783	0	5	2									0	257
Lab-9	3108	300783	1	5	2									1	764
Lab-9	3108	300784	0	3	4			0		1	1	1	1	1	495
Lab-9	3108	300796	0	3	4						0			0	74
Lab-9	3108	300796	1	7	0						0			0	
Lab-9	3108	300803	0	0	7			0			1			0	86
Lab-9	3108	300803	1	4	3			0		1	1	1	1	1	180
Lab-9	3108	300813	0	7	0									0	901
Lab-9	3108	300813	1	7	0									0	901
Lab-9	3108	300816	0	3	4			0		1	1	1	1	1	161
Lab-9	3109	300126	0	0	6	1	1	1	1	1	1			1	121
Lab-9	3109	300147	0	0	6			0		1	1			0	136
Lab-9	3109	300147	1	1	5	1	1	1	1	1	1			1	345
Lab-9	3109	300149	0	0	6	0					1			0	194
Lab-9	3109	300149	1	1	5					0	1			0	188
Lab-9	3109	300149	2	1	5	1	1	1	1	1	1			1	901
Lab-9	3109	300174	0	6	0									0	900
Lab-9	3109	300174	1	6	0									0	900
Lab-9	3109	300188	0	0	6	1	1	1	1	1	1			1	136
Lab-9	3110	300440	0	1	6	1	1	1	1	1	1			1	208
Lab-9	3110	300448	0	1	6	0								0	3
Lab-9	3110	300448	1	2	5	1	1	1	1	1	1			1	901
Lab-9	3111	300617	0	1	4	1	1	1	1	1	1			1	441
Lab-9	3111	300628	0	0	5	1	1	1	1	1	1			1	696
Lab-9	3111	300641	0	1	4	1	1	1	1	1	1			1	903
Lab-9	3111	300643	0	1	4	1	1	1	1	1	1			1	354
Lab-9	3111	300673	0	1	4	1	1	1	1	1	1			1	356
Lab-9	3111	300706	0	0	5	1	1	1	1	1	1			1	900
Lab-9	3111	300715	0	0	5	1	1	1	1	1	1			1	901
Lab-9	3112	300874	0	0	5	1	1	1	1	1	1			1	901
